1 0.000000
2 0.000000
3 0.000000
4 0.000000
5 0.000000
6 0.000000
7 0.000000
8 0.000000
9 0.000000
10 0.000000
20 0.000000
30 0.000000
40 0.000000
50 0.000000
60 0.000000
70 0.000000
80 0.000000
90 0.000000
100 0.000000
200 0.000000
300 0.000000
400 0.000000
500 0.000000
600 0.000000
700 0.000000
800 0.000000
900 0.000000
1000 0.000000
2000 0.000000
3000 0.000000
4000 0.000000
5000 0.000000
6000 0.000000
7000 0.000000
8000 0.000000
9000 0.000000
10000 0.000000
20000 0.000000
30000 0.000000
40000 0.000000
50000 0.000000
60000 0.000000
70000 0.000000
80000 0.000000
90000 0.000000
100000 0.000000
200000 0.010000
300000 0.010000
400000 0.020000
500000 0.020000
600000 0.030000
700000 0.030000
800000 0.040000
900000 0.040000
1000000 0.050000
2000000 0.100000
3000000 0.150000
4000000 0.200000
5000000 0.260000
6000000 0.310000
7000000 0.360000
8000000 0.420000
9000000 0.470000
10000000 0.520000
20000000 1.040000
30000000 1.570000
40000000 2.100000
50000000 2.620000
60000000 3.140000
70000000 3.670000
80000000 4.190000
90000000 4.720000
100000000 5.240000
